Introducing contestants...
* Player 1, weighing 682 bytes, "Bazou" ("C'est comme un petit lapin mais en plus peureux et avec des moins grandes oreilles.") !
* Player 2, weighing 679 bytes, "Underscore" ("__UNDERSCORE_S__") !
* Player 3, weighing 609 bytes, "Octobre Rouge V4.2" ("And the winner is ...") !
Player 1 (Bazou) is said to be alive
Player 2 (Underscore) is said to be alive
0x0000 : 02 90 00 00 00 00 0e 01 ff ff ff ff 09 ff fb 01 00 00 00 00 01 00 00 00 00 01 00 00 00 00 01 00 00 00 00 01 00 00 00 00 01 00 00 00 00 01 00 00 00 00 01 00 00 00 00 01 00 00 00 00 01 00 00 00 
0x0040 : 00 01 00 00 00 00 01 00 00 00 00 01 00 00 00 00 01 00 00 00 00 01 00 00 00 00 01 00 00 00 00 01 00 00 00 00 01 00 00 00 00 01 00 00 00 00 01 00 00 00 00 01 00 00 00 00 01 00 00 00 00 01 00 00 
0x0080 : 00 00 01 00 00 00 00 01 00 00 00 00 01 00 00 00 00 01 00 00 00 00 01 00 00 00 00 01 00 00 00 00 01 00 00 00 00 01 00 00 00 00 01 00 00 00 00 01 00 00 00 00 01 00 00 00 00 01 00 00 00 00 01 00 
0x00c0 : 00 00 00 01 00 00 00 00 01 00 00 00 00 01 00 00 00 00 01 00 00 00 00 01 00 00 00 00 01 00 00 00 00 01 00 00 00 00 01 00 00 00 00 01 00 00 00 00 01 00 00 00 00 01 00 00 00 00 01 00 00 00 00 01 
0x0100 : 00 00 00 00 01 00 00 00 00 01 00 00 00 00 01 00 00 00 00 01 00 00 00 00 01 00 00 00 00 01 00 00 00 00 01 00 00 00 00 01 00 00 00 00 01 00 00 00 00 01 00 00 00 00 01 00 00 00 00 01 00 00 00 00 
0x0140 : 01 00 00 00 00 01 ff 03 70 06 01 01 fe 03 70 01 07 01 fe 09 01 01 dc 09 fe 01 18 00 00 00 02 90 09 fe 13 09 10 02 90 ff ff ff ea 0e 02 90 70 10 02 15 0f 02 90 04 54 0f 0e 01 02 90 0f 08 54 0a 
0x0180 : 02 02 90 01 0d 03 70 03 02 90 0f 00 06 03 04 02 90 03 70 0f 00 05 02 90 06 03 00 00 06 02 90 00 09 ff e2 07 02 d0 fe 01 08 03 50 01 0a 09 00 fa 03 70 01 00 0d 02 90 01 ff ff ff 01 01 ff ff ff 
0x01c0 : ff 09 ff fb 02 d0 ff fc 02 03 70 01 fe 3e 03 70 02 fe 3d 03 70 01 01 ff 03 70 02 01 fe 02 d0 00 56 01 02 d0 00 55 02 02 d0 00 54 03 02 d0 00 53 04 02 d0 00 52 05 02 d0 00 51 06 02 d0 00 50 07 
0x0200 : 02 d0 00 4f 08 02 d0 00 4e 09 02 d0 00 4d 0a 02 d0 00 4c 0b 02 d0 00 4b 0c 02 d0 00 4a 0d 02 90 0b 01 f5 09 0e 02 90 fe 3b 09 01 0f 02 90 c5 09 ff 5e 10 03 70 01 01 ff 03 70 02 01 fe 03 70 03 
0x0240 : 01 fd 03 70 04 01 fc 03 70 05 01 fb 03 70 06 01 fa 03 70 07 01 f9 03 70 08 01 f8 03 70 09 01 f7 03 70 0a 01 f6 03 70 0b 01 f5 03 70 0c 01 f4 03 70 0d 01 f3 03 70 0e 01 f2 03 70 0f 01 f1 03 70 
0x0280 : 10 01 f0 02 d0 fe c3 07 02 d0 fe c3 08 02 d0 fe c3 09 02 d0 fe c3 0a 02 d0 fe c3 0b 02 d0 00 64 10 09 01 91 09 fe ba 09 01 c5 00 00 00 00 00 00 00 00 00 00 00 00 00 00 00 00 00 00 00 00 00 00 
0x02c0 : 00 00 00 00 00 00 00 00 00 00 00 00 00 00 00 00 00 00 00 00 00 00 00 00 00 00 00 00 00 00 00 00 00 00 00 00 00 00 00 00 00 00 00 00 00 00 00 00 00 00 00 00 00 00 00 00 00 00 00 00 00 00 00 00 
0x0300 : 00 00 00 00 00 00 00 00 00 00 00 00 00 00 00 00 00 00 00 00 00 00 00 00 00 00 00 00 00 00 00 00 00 00 00 00 00 00 00 00 00 00 00 00 00 00 00 00 00 00 00 00 00 00 00 00 00 00 00 00 00 00 00 00 
0x0340 : 00 00 00 00 00 00 00 00 00 00 00 00 00 00 00 00 00 00 00 00 00 00 00 00 00 00 00 00 00 00 00 00 00 00 00 00 00 00 00 00 00 00 00 00 00 00 00 00 00 00 00 00 00 00 00 00 00 00 00 00 00 00 00 00 
0x0380 : 00 00 00 00 00 00 00 00 00 00 00 00 00 00 00 00 00 00 00 00 00 00 00 00 00 00 00 00 00 00 00 00 00 00 00 00 00 00 00 00 00 00 00 00 00 00 00 00 00 00 00 00 00 00 00 00 00 00 00 00 00 00 00 00 
0x03c0 : 00 00 00 00 00 00 00 00 00 00 00 00 00 00 00 00 00 00 01 ff ff ff ff 09 ff fb 00 00 00 00 00 00 00 00 00 00 00 00 00 00 00 00 00 00 00 00 00 00 00 00 00 00 00 00 00 00 00 00 00 00 00 00 00 00 
0x0400 : 00 00 00 00 00 00 00 00 00 00 00 00 00 00 00 00 00 00 00 00 00 00 00 00 00 00 00 00 00 00 00 00 00 00 00 00 00 00 00 00 00 00 00 00 00 00 00 00 00 00 03 70 01 01 ff 03 70 02 01 fe 03 70 03 01 
0x0440 : fd 03 70 04 01 fc 03 70 05 01 fb 03 70 06 01 fa 03 70 07 01 f9 03 70 08 01 f8 03 70 09 01 f7 03 70 0a 01 f6 03 70 0b 01 f5 09 fe 3b 09 01 c5 09 ff 5e 00 00 00 00 00 00 00 00 00 00 00 00 00 00 
0x0480 : 00 00 00 00 00 00 00 00 00 00 00 00 00 00 00 00 00 00 00 00 00 00 00 00 00 00 00 00 00 00 00 00 00 00 00 00 00 00 00 00 00 00 00 00 00 00 00 00 00 00 00 00 00 00 00 00 00 00 00 00 00 00 00 00 
0x04c0 : 00 00 00 00 00 00 00 00 00 00 00 00 00 00 00 00 00 00 00 00 00 00 00 00 00 00 00 00 00 00 00 00 00 00 00 00 00 00 00 00 00 00 00 00 00 00 00 00 00 00 00 00 00 00 00 00 00 00 00 00 00 00 00 00 
0x0500 : 00 00 00 00 00 00 00 00 00 00 00 00 00 00 00 00 00 00 00 00 00 00 00 00 00 00 00 00 00 00 00 00 00 00 00 00 00 00 00 00 00 00 00 00 00 00 00 00 00 00 00 00 00 00 00 00 00 00 00 00 00 00 00 00 
0x0540 : 00 00 00 00 00 00 00 00 00 00 00 00 00 00 00 00 00 00 00 00 00 02 90 00 00 00 00 01 00 00 00 09 fe 01 01 ff ff ff d6 0b 54 0a 0b 0d 04 54 0c 0d 0d 08 64 0d ff ff ff 01 0e 09 00 0d 02 90 00 00 
0x0580 : 00 00 0e 09 ff df 02 90 00 00 00 00 0d 09 ff d5 01 ff ff ff d6 02 90 ff ff ff 80 06 0c 00 1b 02 90 0b 54 07 06 07 02 90 00 00 00 00 05 02 90 00 00 00 00 10 09 00 22 02 90 05 09 ff 7b 07 02 90 
0x05c0 : 00 00 00 04 05 02 90 0b 54 07 06 10 03 70 10 fe 16 03 70 07 fe 15 02 90 00 00 00 00 02 09 fe 01 0e a4 00 2a 00 2a 10 01 ff ff ff d6 0b 68 01 ff 76 00 01 02 90 03 70 04 ff 0a 02 90 ff ff ff e2 
