Introducing contestants...
* Player 1, weighing 682 bytes, "Bazou" ("C'est comme un petit lapin mais en plus peureux et avec des moins grandes oreilles.") !
* Player 2, weighing 679 bytes, "Underscore" ("__UNDERSCORE_S__") !
* Player 3, weighing 609 bytes, "Octobre Rouge V4.2" ("And the winner is ...") !
Player 1 (Bazou) is said to be alive
Player 2 (Underscore) is said to be alive
0x0000 : 02 90 00 00 00 00 0e 01 ff ff ff ff 09 ff fb 01 00 00 00 00 01 00 00 00 00 01 00 00 00 00 01 00 00 00 00 01 00 00 00 00 01 00 00 00 00 01 00 00 00 00 01 00 00 00 00 01 00 00 00 00 01 00 00 00 
0x0040 : 00 01 00 00 00 00 01 00 00 00 00 01 00 00 00 00 01 00 00 00 00 01 00 00 00 00 01 00 00 00 00 01 00 00 00 00 01 00 00 00 00 01 00 00 00 00 01 00 00 00 00 01 00 00 00 00 01 00 00 00 00 01 00 00 
0x0080 : 00 00 01 00 00 00 00 01 00 00 00 00 01 00 00 00 00 01 00 00 00 00 01 00 00 00 00 01 00 00 00 00 01 00 00 00 00 01 00 00 00 00 01 00 00 00 00 01 00 00 00 00 01 00 00 00 00 01 00 00 00 00 01 00 
0x00c0 : 00 00 00 01 00 00 00 00 01 00 00 00 00 01 00 00 00 00 01 00 00 00 00 01 00 00 00 00 01 00 00 00 00 01 00 00 00 00 01 00 00 00 00 01 00 00 00 00 01 00 00 00 00 01 00 00 00 00 01 00 00 00 00 01 
0x0100 : 00 00 00 00 01 00 00 00 00 01 00 00 00 00 01 00 00 00 00 01 00 00 00 00 01 00 00 00 00 01 00 00 00 00 01 00 00 00 00 01 00 00 00 00 01 00 00 00 00 01 00 00 00 00 01 00 00 00 00 01 00 00 00 00 
0x0140 : 01 00 00 00 00 01 ff 03 70 06 01 01 fe 03 70 01 07 01 fe 09 01 01 dc 09 fe 01 18 00 00 00 02 90 09 fe 13 09 10 02 90 ff ff ff ea 0e 02 90 70 10 02 15 0f 02 90 04 54 0f 0e 01 02 90 0f 08 54 0a 
0x0180 : 02 02 90 01 0d 03 70 03 02 90 0f 00 06 03 04 02 90 03 70 0f 00 05 02 90 06 03 00 00 06 02 90 00 09 ff e2 07 02 d0 fe 01 08 03 50 01 0a 09 00 fa 03 70 01 00 0d 02 90 01 ff ff ff 01 01 ff ff ff 
0x01c0 : ff 09 ff fb 02 d0 ff fc 02 03 70 01 fe 3e 03 70 02 fe 3d 03 70 01 01 ff 03 70 02 01 fe 02 d0 00 56 01 02 d0 00 55 02 02 d0 00 54 03 02 d0 00 53 04 02 d0 00 52 05 02 d0 00 51 06 02 d0 00 50 07 
0x0200 : 02 d0 00 4f 08 02 d0 00 4e 09 02 d0 00 4d 0a 02 d0 00 4c 0b 02 d0 00 4b 0c 02 d0 00 4a 0d 02 90 0b 01 f5 09 0e 02 90 fe 3b 09 01 0f 02 90 c5 09 ff 5e 10 03 70 01 01 ff 03 70 02 01 fe 03 70 03 
0x0240 : 01 fd 03 70 04 01 fc 03 70 05 01 fb 03 70 06 01 fa 03 70 07 01 f9 03 70 08 01 f8 03 70 09 01 f7 03 70 0a 01 f6 03 70 0b 01 f5 03 70 0c 01 f4 03 70 0d 01 f3 03 70 0e 01 f2 03 70 0f 01 f1 03 70 
0x0280 : 10 01 f0 02 d0 fe c3 07 02 d0 fe c3 08 02 d0 fe c3 09 02 d0 fe c3 0a 02 d0 fe c3 0b 02 d0 00 64 10 09 01 91 09 fe ba 09 01 c5 00 00 00 00 00 00 00 00 00 00 00 00 00 00 00 00 00 00 00 00 00 00 
0x02c0 : 00 00 00 00 00 00 00 00 00 00 00 00 00 00 00 00 00 00 00 00 00 00 00 00 00 00 00 00 00 00 00 00 00 00 00 00 00 00 00 00 00 00 00 00 00 00 00 00 00 00 00 00 00 00 00 00 00 00 00 00 00 00 00 00 
0x0300 : 00 00 00 00 00 00 00 00 00 00 00 00 00 00 00 00 00 00 00 00 00 00 00 00 00 00 00 00 00 00 00 00 00 00 00 00 00 00 00 00 00 00 00 00 00 00 00 00 00 00 00 00 00 00 00 00 00 00 00 00 00 00 00 00 
0x0340 : 00 00 00 00 00 00 00 00 00 00 00 00 00 00 00 00 00 00 00 00 00 00 00 00 00 00 00 00 00 00 00 00 00 00 00 00 00 00 00 00 00 00 00 00 00 00 00 00 00 00 00 00 00 00 00 00 00 00 00 00 00 00 00 00 
0x0380 : 00 00 00 00 00 00 00 00 00 00 00 00 00 00 00 00 00 00 00 00 00 00 00 00 00 00 00 00 00 00 00 00 00 00 00 00 00 00 00 00 00 00 00 00 00 00 00 00 00 00 00 00 00 00 00 00 00 00 00 00 00 00 00 00 
0x03c0 : 00 00 00 00 00 00 00 00 00 00 00 00 00 00 00 00 00 00 01 ff ff ff ff 09 ff fb 00 00 00 00 00 00 00 00 00 00 00 00 00 00 00 00 00 00 00 00 00 00 00 00 00 00 00 00 00 00 00 00 00 00 00 00 00 00 
0x0400 : 00 00 00 00 00 00 00 00 00 00 00 00 00 00 00 00 00 00 00 00 00 00 00 00 00 00 00 00 00 00 00 00 00 00 00 00 00 00 00 00 00 00 00 00 00 00 00 00 00 00 03 70 01 01 ff 03 70 02 01 fe 03 70 03 01 
0x0440 : fd 03 70 04 01 fc 03 70 05 01 fb 03 70 06 01 fa 03 70 07 01 f9 03 70 08 01 f8 03 70 09 01 f7 03 70 0a 01 f6 03 70 0b 01 f5 09 fe 3b 09 01 c5 09 ff 5e 00 00 00 00 00 00 00 00 00 00 00 00 00 00 
0x0480 : 00 00 00 00 00 00 00 00 00 00 00 00 00 00 00 00 00 00 00 00 00 00 00 00 00 00 00 00 00 00 00 00 00 00 00 00 00 00 00 00 00 00 00 00 00 00 00 00 00 00 00 00 00 00 00 00 00 00 00 00 00 00 00 00 
0x04c0 : 00 00 00 00 00 00 00 00 00 00 00 00 00 00 00 00 00 00 00 00 00 00 00 00 00 00 00 00 00 00 00 00 00 00 00 00 00 00 00 00 00 00 00 00 00 00 00 00 00 00 00 00 00 00 00 00 00 00 00 00 00 00 00 00 
0x0500 : 00 00 00 00 00 00 00 00 00 00 00 00 00 00 00 00 00 00 00 00 00 00 00 00 00 00 00 00 00 00 00 00 00 00 00 00 00 00 00 00 00 00 00 00 00 00 00 00 00 00 00 00 00 00 00 00 00 00 00 00 00 00 00 00 
0x0540 : 00 00 00 00 00 00 00 00 00 00 00 00 00 00 00 00 00 00 00 00 00 02 90 00 00 00 00 01 00 00 00 09 fe 01 01 ff ff ff d6 0b 54 0a 0b 0d 04 54 0c 0d 0d 08 64 0d ff ff ff 01 0e 09 00 0d 02 90 00 00 
0x0580 : 00 00 0e 09 ff df 02 90 00 00 00 00 0d 09 ff d5 01 ff ff ff d6 02 90 ff ff ff 80 06 0c 00 1b 02 90 0b 54 07 06 07 02 90 00 00 00 00 05 02 90 00 00 00 00 10 09 00 22 02 90 05 09 ff 7b 07 02 90 
0x05c0 : 00 00 00 04 05 02 90 0b 54 07 06 10 03 70 10 fe 16 03 70 07 fe 15 02 90 00 00 00 00 02 09 fe 01 0e a4 00 2a 00 2a 10 01 ff ff ff d6 0b 68 01 ff 76 00 01 02 90 03 70 04 ff 0a 02 90 ff ff ff e2 
0x0600 : 0b 02 90 ff ff ff fb 0c 03 70 01 00 06 01 ff ff ff d6 0c ff 50 02 90 ff ff ff 5b 0d 02 90 00 00 00 00 02 09 ff ea 0b 68 01 00 38 00 01 0b 68 01 00 03 70 01 01 ff 03 70 02 01 fe 03 70 03 01 fd 
0x0640 : 03 70 04 01 fc 03 70 05 01 ff 03 70 06 01 fe 03 70 07 01 fe 09 01 dc 09 fe 18 00 00 00 2d 01 ff ff ff d6 0c 00 0d 02 90 00 00 00 00 02 09 00 99 02 90 0b 64 07 00 07 02 90 00 00 00 05 06 02 90 
0x0680 : 00 00 00 00 02 09 00 3b 01 ff ff ff d6 0c 00 1b 02 90 06 06 01 00 07 02 90 00 00 00 09 06 02 90 00 00 00 00 02 09 00 1b 02 90 00 00 00 00 02 02 90 00 00 00 0c 06 02 90 00 00 00 00 02 09 00 03 
0x06c0 : 03 70 01 00 06 01 ff ff ff d6 0b 58 07 06 01 3d 02 90 00 00 00 00 02 09 01 35 0b 68 10 00 bf 00 01 0c 00 a0 02 90 00 00 00 18 10 0b 68 10 00 ae 00 01 03 70 01 00 06 01 ff ff ff d6 02 90 00 00 
0x0700 : 00 00 02 09 01 ff 02 90 00 00 00 10 0c 04 54 0c 09 09 04 54 0c 0a 0a 04 54 0c 0b 0b 03 70 01 00 06 01 ff ff ff d6 02 90 00 00 00 00 02 0b 68 01 fe 63 00 01 0b 68 09 fe 98 00 01 0b 68 0a fe 96 
0x0740 : 00 01 0b 68 0b fe 94 00 06 0c fe 47 09 ff 0f 02 90 01 00 00 00 10 0b 68 10 fd ff 00 06 03 70 01 00 75 0b 68 01 00 44 00 01 02 90 00 00 01 fb 04 02 90 00 00 01 fb 06 03 70 01 00 06 01 ff ff ff 
0x0780 : fe 02 90 0b 54 03 02 08 02 90 04 09 01 f6 09 03 70 08 01 ff 03 70 09 01 fe 02 90 00 00 00 18 08 0c fe 86 0c 00 2e 01 ff ff ff fe 02 90 00 00 00 00 02 02 90 0b 54 05 02 03 02 90 0b 54 07 02 05 
0x07c0 : 02 90 0b 54 07 02 07 02 90 00 00 00 00 10 09 01 c0 01 ff ff ff fe 02 90 00 00 00 04 02 02 90 06 09 01 f6 03 02 90 08 09 00 13 05 02 90 08 09 00 13 07 02 90 00 00 00 00 10 09 01 95 00 00 00 00 
0x0800 : 00 00 00 00 00 00 00 00 00 00 00 00 00 00 00 00 00 00 00 00 00 00 00 00 00 00 00 00 00 00 00 00 00 00 00 00 00 00 00 00 00 00 00 00 00 00 00 00 04 54 0f 0e 0f 08 54 0a 01 0d 03 70 0f 00 06 03 
0x0840 : 70 10 01 d3 03 70 0f 00 06 03 70 10 01 d3 09 ff e2 00 00 00 00 00 00 00 00 00 00 00 00 00 00 00 00 00 00 00 00 00 00 00 00 00 00 00 00 00 00 00 00 00 00 00 00 00 00 00 00 00 00 00 00 00 00 00 
0x0880 : 00 00 00 00 00 00 00 00 00 00 00 00 00 00 00 00 00 00 00 00 00 00 00 00 00 00 00 00 00 00 00 00 00 00 00 00 00 00 00 00 00 00 00 00 00 00 00 00 00 00 00 00 00 00 00 00 00 00 00 00 00 00 00 00 
0x08c0 : 00 00 00 00 00 00 00 00 00 00 00 00 00 00 00 00 00 00 00 00 00 00 00 00 00 00 00 00 00 00 00 00 00 00 00 00 00 00 00 00 00 00 00 00 00 00 00 00 00 00 00 00 00 00 00 00 00 00 00 00 00 00 00 00 
0x0900 : 00 00 00 00 00 00 00 00 00 00 00 00 00 00 00 00 00 00 00 00 00 00 00 00 00 00 00 00 00 00 00 00 00 00 00 00 00 00 00 00 00 00 00 00 00 00 00 00 00 00 00 00 00 00 00 00 00 00 00 00 00 00 00 00 
0x0940 : 00 00 00 00 00 00 00 00 00 00 00 00 00 00 00 00 00 00 00 00 00 00 00 00 00 00 00 00 00 00 00 00 00 00 00 00 00 00 00 00 00 00 00 00 00 00 00 00 00 00 00 00 00 00 00 00 00 00 00 00 00 00 00 00 
0x0980 : 00 00 00 00 00 00 00 00 00 00 00 00 00 00 0b 54 03 02 04 09 01 f6 00 00 00 00 00 00 00 00 00 00 00 00 00 00 00 00 00 00 00 00 00 00 00 00 00 00 00 00 00 00 00 00 00 00 00 00 00 00 00 00 00 00 
0x09c0 : 00 00 00 00 00 00 00 00 00 00 00 00 00 00 00 00 00 00 00 00 00 00 00 00 00 00 00 00 00 00 00 00 00 00 00 00 00 00 00 00 00 00 00 00 00 00 00 00 00 00 00 00 00 00 00 00 00 00 00 00 00 00 00 00 
0x0a00 : 00 00 00 00 00 00 00 00 00 00 00 00 00 00 00 00 00 00 09 fe 13 09 00 00 00 00 00 00 09 fe 13 09 00 00 00 00 00 00 00 00 09 fe 13 09 00 00 00 00 00 00 09 fe 13 09 00 00 00 00 00 00 00 00 09 fe 
0x0a40 : 13 09 00 00 00 00 00 00 09 fe 13 09 00 00 00 00 00 00 00 00 00 00 00 00 00 00 00 00 00 00 00 00 00 00 00 00 00 00 00 00 00 00 00 00 00 00 00 00 00 00 00 00 00 00 00 00 00 00 00 00 00 00 00 00 
0x0a80 : 00 00 00 00 00 00 00 00 00 00 00 00 00 00 00 00 00 00 00 00 00 00 00 00 00 00 00 00 00 00 00 00 00 00 00 00 00 00 00 00 00 00 03 70 01 00 13 02 90 00 00 00 00 0f 0c 00 06 09 01 8c 01 ff ff ff 
0x0ac0 : fd 0c 01 84 09 ff f8 01 00 00 00 2a 0c 00 17 03 70 01 00 0d 02 90 00 00 00 00 0f 01 00 00 00 2a 09 ff fb 01 00 00 00 2a 0c 00 17 03 70 01 00 0d 02 90 00 00 00 00 0f 01 00 00 00 2a 09 ff fb 01 
0x0b00 : 00 00 00 2a 0c 00 17 03 70 01 00 0d 02 90 00 00 00 00 0f 01 00 00 00 2a 09 ff fb 01 00 00 00 2a 0c ff a7 03 70 01 00 0d 02 90 00 00 00 00 0f 01 00 00 00 2a 09 ff fb 01 00 00 00 2a 03 70 08 fe 
0x0b40 : 70 03 70 08 fe 70 03 70 08 fe 70 03 70 08 fe 70 03 70 08 fe 70 03 70 08 fe 70 03 70 08 fe 70 03 70 08 fe 70 03 70 08 fe 70 03 70 08 fe 70 03 70 08 fe 70 03 70 08 fe 70 03 70 08 fe 70 03 70 08 
0x0b80 : fe 70 03 70 08 fe 70 03 70 08 fe 70 03 70 08 fe 70 03 70 08 fe 70 03 70 08 fe 70 03 70 08 fe 70 03 70 08 fe 70 03 70 08 fe 70 03 70 08 fe 70 03 70 08 fe 70 03 70 08 fe 70 03 70 08 fe 70 03 70 
0x0bc0 : 08 fe 70 03 70 08 fe 70 03 70 08 fe 70 03 70 08 fe 70 03 70 08 fe 70 03 70 08 fe 70 03 70 08 fe 70 03 70 08 fe 70 03 70 08 fe 70 03 70 08 fe 70 03 70 08 fe 70 03 70 08 fe 70 03 70 08 fe 70 03 
0x0c00 : 70 08 fe 70 03 70 08 fe 70 03 70 08 fe 70 03 70 08 fe 70 03 70 08 fe 70 03 70 08 fe 70 03 70 08 fe 70 03 70 08 fe 70 03 70 08 fe 70 03 70 08 fe 70 03 70 08 fe 70 03 70 08 fe 70 02 90 00 00 00 
0x0c40 : 00 0f 09 fe f5 01 00 00 00 2a 0c 00 2b 01 00 00 00 2a 0c 00 52 01 00 00 00 2a 0c 00 78 02 90 03 70 03 00 03 02 90 13 03 70 06 06 02 90 00 00 00 00 0f 09 00 8a 01 00 00 00 2a 0c ff cb 01 00 00 
0x0c80 : 00 2a 0c fe 45 02 90 0f 03 70 06 03 02 90 17 03 70 06 06 02 90 00 00 00 00 0f 02 90 00 00 00 00 0f 09 00 5b 01 00 00 00 2a 0c fe 8e 02 90 ff ff 01 42 03 02 90 1a 03 70 06 06 02 90 00 00 00 00 
0x0cc0 : 0f 02 90 00 00 00 00 0f 02 90 00 00 00 00 0f 09 00 2d 03 50 01 03 02 90 0f 03 70 06 06 02 90 00 00 00 00 0f 02 90 00 00 00 00 0f 02 90 00 00 00 00 0f 02 90 00 00 00 00 0f 09 00 03 03 70 03 00 
0x0d00 : 0f 03 70 06 ff ff 01 00 00 00 2a 00 00 00 00 00 00 00 00 00 00 00 00 00 00 00 00 00 00 00 00 00 00 00 00 00 00 00 00 00 00 00 00 00 00 00 00 00 00 00 00 00 00 00 00 00 00 00 00 00 00 00 00 00 
0x0d40 : 00 00 00 00 00 00 00 00 00 00 00 00 00 00 00 00 00 00 00 00 00 00 00 00 00 00 00 00 00 00 00 00 00 00 00 00 00 00 00 00 00 00 00 00 00 00 00 00 00 00 00 00 00 00 00 00 00 00 00 00 00 00 00 00 
0x0d80 : 00 00 00 00 00 00 00 00 00 00 00 00 00 00 00 00 00 00 00 00 00 00 00 00 00 00 00 00 00 00 00 00 00 00 00 00 00 00 00 00 00 00 00 00 00 00 00 00 00 00 00 00 00 00 00 00 00 00 00 00 00 00 00 00 
0x0dc0 : 00 00 00 00 00 00 00 00 00 00 00 00 00 00 00 00 00 00 00 00 00 00 00 00 00 00 00 00 00 00 00 00 00 00 00 00 00 00 00 00 00 00 00 00 00 00 00 00 00 00 00 00 00 00 00 00 00 00 00 00 00 00 00 00 
0x0e00 : 00 00 00 00 00 00 00 00 00 00 00 00 00 00 00 00 00 00 00 00 00 00 00 00 00 00 00 00 00 00 00 00 00 00 00 00 00 00 00 00 00 00 00 00 00 00 00 00 00 00 00 00 00 00 00 00 00 00 00 00 00 00 00 00 
0x0e40 : 00 00 00 00 00 00 00 00 00 00 00 00 00 00 00 00 00 00 00 00 00 00 00 00 00 00 00 00 00 00 00 00 00 00 00 00 00 00 00 00 00 00 00 00 00 00 00 00 00 00 00 00 00 00 00 00 00 00 00 00 00 00 00 00 
0x0e80 : 00 00 00 00 00 00 00 00 00 00 00 00 00 00 00 00 00 00 00 00 00 00 00 00 00 00 00 00 00 00 00 00 00 00 00 00 00 00 00 00 00 00 00 00 00 00 00 00 00 00 00 00 00 00 00 00 00 00 00 00 00 00 00 00 
0x0ec0 : 00 00 00 00 00 00 00 00 00 00 00 00 00 00 00 00 00 00 00 00 00 00 00 00 00 00 00 00 00 00 00 00 00 00 00 00 00 00 00 00 00 00 00 00 00 00 00 00 00 00 00 00 00 00 00 00 00 00 00 00 00 00 00 00 
0x0f00 : 00 00 00 00 00 00 00 00 00 00 00 00 00 00 00 00 00 00 00 00 00 00 00 00 00 00 00 00 00 00 00 00 00 00 00 00 00 00 00 00 00 00 00 00 00 00 00 00 00 00 00 00 00 00 00 00 00 00 00 00 00 00 00 00 
0x0f40 : 00 00 00 00 00 00 00 00 00 00 00 00 00 00 00 00 00 00 00 00 00 00 00 00 00 00 00 00 00 00 00 00 00 00 00 00 00 00 00 00 00 00 00 00 00 00 00 00 00 00 00 00 00 00 00 00 00 00 00 00 00 00 00 00 
0x0f80 : 00 00 00 00 00 00 00 00 00 00 00 00 00 00 00 00 00 00 00 00 00 00 00 00 00 00 00 00 00 00 00 00 00 00 00 00 00 00 00 00 00 00 00 00 00 00 00 00 00 00 00 00 00 00 00 00 00 00 00 00 00 00 00 00 
0x0fc0 : 00 00 00 00 00 00 00 00 00 00 00 00 00 00 00 00 00 00 00 00 00 00 00 00 00 00 00 00 00 00 00 00 00 00 00 00 00 00 00 00 00 00 00 00 00 00 00 00 00 00 00 00 00 00 00 00 00 00 00 00 00 00 00 00 
